3 5 9 11 13 23 30 50 7 28 41 47 25 26 27 28 38 40 46 47 48 1 18 34 6 12 20 24 46 48 3 4 41 41 2 31 24 32 45 4 32 44 3 41 42 2 9 11 22 35 36 37 50 1 17 33 41 1 3 15 35 38 39 50 6 6 19 20 22 28 43 9 21 23 25 35 47 48 17 17 35 37 11 21 22 24 32 35 39 49 50 1 3 22 25 28 33 35 25 41
8 13 40 50 8 8 13 26 15 21 22 24 33 34 19 33 33 35 35 35 47 4 17 44 9 16 22 3 14 23 26 37 13 21 36 13 15 17 25 50 1 9 18 32 32 37 39 21 21 34 35 4 5 12 36 47 47 4 11 23 24 37 49 3 7 7 14 16 18 24 27 32 45 1 3 10 28 31 11 13 13 17 18 18 25 22 31 40 4 15 17 33 37 45 46 3 6 15 33 39
6 17 25 26 36 45 49 4 4 9 24 27 8 14 27 30 36 41 48 3 4 9 10 29 33 47 7 22 24 27 31 1 24 25 35 47 49 13 50 50 3 8 10 14 19 23 7 9 40 3 8 12 39 42 45 6 19 23 38 40 42 43 2 17 19 30 34 36 47 6 13 13 13 14 43 1 15 16 17 30 43 47 2 10 23 5 9 28 14 15 23 9 19 26 48 50 1 36 46 47
6 31 45 6 7 7 11 14 29 1 9 14 20 24 2 28 44 2 5 14 43 46 46 13 22 43 44 38 46 5 12 14 29 34 36 42 46 49 19 20 20 24 24 35 8 32 38 43 3 20 25 9 11 37 37 40 42 1 1 3 13 18 19 24 33 41 46 5 7 7 49 7 14 22 27 49 9 10 41 45 4 8 12 12 34 34 39 41 46 4 18 26 35 46 7 8 21 34 38 43
8 28 30 33 34 8 15 24 27 29 35 13 15 17 27 44 4 30 45 9 23 31 34 36 3 20 24 39 42 42 48 3 5 7 10 23 22 24 36 43 50 30 7 28 35 45 5 10 15 19 24 25 26 31 33 40 45 5 12 18 18 24 46 6 8 29 33 33 44 4 5 11 33 45 47 9 13 21 31 33 41 42 13 26 28 39 39 40 45 48 50 16 44 45 45 50 25 31 37 44
7 41 45 21 34 1 14 33 34 36 46 48 20 20 24 32 42 9 22 27 33 45 49 49 2 5 10 10 16 28 40 41 10 14 19 40 45 50 7 11 18 39 40 41 10 18 30 45 4 7 15 16 16 32 36 11 30 42 3 11 15 31 38 42 29 32 38 48 16 16 20 28 40 11 12 14 24 24 29 40 48 49 20 45 11 12 27 7 15 28 50 11 18 44 45 2 10 18 38 47
4 15 16 21 44 31 40 43 48 9 45 15 24 42 5 15 16 17 19 21 9 18 32 43 2 9 11 14 19 41 42 4 31 41 42 46 9 11 27 42 45 13 22 38 42 50 14 26 45 5 6 37 38 39 40 43 21 24 35 50 10 11 16 35 42 50 10 11 15 16 18 22 40 42 18 26 34 35 41 41 3 5 16 24 32 35 26 31 9 13 25 31 49 3 3 11 24 29 34 44
29 29 46 16 38 45 50 1 1 3 3 11 17 21 26 30 33 43 7 11 16 20 22 28 46 23 36 43 15 19 45 45 22 25 33 36 42 8 9 13 13 15 16 17 26 1 6 45 33 38 9 12 24 31 32 41 15 24 43 20 31 33 44 12 17 37 9 10 42 43 50 2 6 21 28 48 48 6 13 42 45 5 14 15 20 26 38 40 48 9 35 41 48 2 11 18 30 38 39 46
11 24 32 34 37 47 1 13 48 50 50 4 16 19 10 32 47 8 18 22 26 28 36 44 14 19 35 49 5 5 5 7 12 17 1 17 23 26 29 30 47 50 46 1 11 12 14 20 24 30 33 38 9 20 39 45 25 33 6 14 34 41 45 10 12 21 24 29 32 7 14 16 16 19 27 43 49 9 38 49 15 31 47 48 12 32 35 36 38 43 43 8 16 48 2 3 7 21 33 36
16 25 42 45 12 32 32 34 35 39 47 17 23 23 28 42 44 46 19 28 38 39 42 3 25 8 27 34 36 37 40 45 48 49 4 17 24 35 36 41 48 33 37 43 5 11 12 19 27 36 38 1 3 15 19 22 27 31 1 12 24 33 9 10 32 36 43 45 45 43 6 23 30 43 4 20 13 19 21 49 50 11 30 50 3 9 20 22 25 31 46 49 8 14 23 27 27 33 38 49
4 5 19 21 29 30 30 41 44 47 13 20 20 35 37 37 40 48 49 7 23 28 43 50 23 41 48 2 5 13 23 31 20 33 34 50 4 21 32 47 50 6 8 12 19 34 5 9 16 24 24 25 29 31 36 6 18 20 28 2 4 9 9 31 43 48 49 9 9 22 27 34 45 10 47 25 30 33 47 14 16 26 30 1 3 14 18 22 30 50 15 18 22 23 8 15 19 36 40 42
3 5 40 42 44 45 46 47 3 12 16 18 48 16 17 27 11 43 3 5 24 25 42 50 9 18 27 40 48 4 49 14 48 7 23 31 43 6 22 28 22 24 35 44 18 21 27 36 38 41 48 18 41 44 49 2 10 11 13 12 12 16 40 46 48 1 1 5 13 35 18 19 21 24 29 35 35 39 41 41 17 17 21 31 49 18 21 26 43 49 3 7 11 11 15 22 24 31 34 46
48 50 3 9 22 47 5 12 19 25 26 26 32 41 2 8 18 31 32 32 6 7 15 20 17 48 4 7 28 36 37 39 5 8 20 27 40 42 18 33 38 49 5 5 6 31 32 33 45 8 13 15 16 25 30 40 42 48 6 7 19 19 26 50 5 22 28 31 10 15 39 45 1 12 24 25 38 46 47 1 14 17 28 48 26 30 39 42 13 4 13 22 32 32 43 18 26 30 34 43
15 19 21 24 38 39 49 32 35 46 1 29 34 40 8 15 28 38 41 2 3 19 27 38 40 42 40 42 43 48 49 50 23 24 44 11 11 15 23 27 28 35 37 39 9 10 16 21 22 26 27 29 32 37 38 39 41 49 43 1 4 29 36 46 49 50 30 35 5 8 15 43 38 47 15 4 5 11 15 22 28 41 43 15 45 9 25 35 45 46 47 1 3 4 8 22 14 17 18 34
4 30 33 4 25 26 27 29 2 6 23 31 1 15 25 31 33 38 44 45 2 3 11 14 14 29 38 42 47 47 2 9 17 27 33 41 47 48 7 7 7 27 28 29 5 14 15 22 43 3 36 2 37 38 39 42 50 15 19 34 35 5 26 45 49 35 10 40 4 10 15 22 48 2 14 15 23 27 40 47 2 5 8 27 28 34 46 46 12 13 13 14 8 9 9 10 38 50 16 48
6 29 31 36 2 6 13 32 44 50 9 14 23 24 33 44 22 29 42 43 3 5 11 12 16 20 37 44 4 15 15 46 2 35 46 48 2 49 49 50 1 3 4 20 25 26 30 35 38 4 20 26 39 22 27 31 33 34 39 41 10 18 20 21 27 32 33 46 50 5 18 27 31 34 50 9 37 43 44 49 14 31 1 9 11 18 36 41 48 20 33 42 3 6 32 1 7 8 35 49
2 5 5 12 18 25 25 26 29 30 45 48 2 9 12 27 17 28 46 3 5 21 26 39 41 45 11 20 1 27 16 23 28 28 29 43 44 1 8 8 11 27 32 45 45 47 6 8 14 16 17 26 9 15 28 35 35 43 21 21 26 38 49 44 8 11 12 17 27 34 35 42 45 8 18 22 31 37 4 4 7 16 10 11 1 20 30 33 46 50 7 27 38 12 15 27 27 30 37 40
23 3 8 12 29 32 35 9 20 21 22 42 43 45 19 22 46 7 21 23 44 47 7 15 22 27 28 32 39 45 5 10 14 39 42 27 17 19 24 36 44 49 3 12 13 18 24 27 27 27 42 46 49 1 4 38 12 18 34 7 8 12 21 37 20 25 50 5 11 19 19 25 30 39 43 46 48 1 6 13 13 18 36 48 6 10 50 10 12 15 24 49 6 9 44 47 4 13 14 48
4 19 20 28 32 33 36 49 17 22 27 30 34 4 22 29 43 44 44 48 7 25 45 49 1 13 16 35 42 5 8 8 15 18 29 44 50 5 36 22 35 45 47 2 14 15 35 42 46 47 3 7 14 14 33 4 5 21 36 39 48 7 32 49 2 31 33 49 1 12 18 30 35 46 25 30 40 12 13 14 15 30 35 1 2 14 24 25 28 31 37 40 44 47 49 1 11 13 15 37
3 23 24 30 35 42 17 43 44 44 1 21 27 37 43 45 10 17 25 29 32 48 49 10 17 29 31 14 16 19 21 24 32 35 35 49 29 33 8 14 19 22 22 11 11 27 40 9 19 34 36 5 23 44 1 7 9 2 21 21 30 43 11 16 17 20 32 37 39 39 46 7 8 16 23 25 28 39 42 45 12 20 30 47 31 34 40 40 40 41 50 29 33 47 3 9 16 20 23 39
5 9 23 36 45 50 6 12 21 28 27 38 6 6 35 40 49 4 6 6 7 7 13 33 34 40 46 11 41 49 5 7 9 10 36 12 16 17 18 25 37 44 45 46 9 26 37 38 4 9 32 49 14 25 1 7 12 14 28 28 48 3 20 27 29 29 33 39 16 25 26 30 36 39 39 15 19 25 29 44 27 29 30 17 36 36 2 11 13 17 22 36 41 15 25 42 48 8 27 39
9 12 45 48 31 35 3 4 6 21 26 47 4 10 17 18 21 37 37 39 43 14 15 22 41 46 6 7 7 9 17 26 45 2 31 37 37 17 41 41 49 2 2 3 21 24 36 46 50 22 27 29 33 35 47 1 12 16 21 31 35 19 20 24 36 46 9 20 24 39 46 9 14 26 31 36 19 19 30 33 39 43 7 7 19 19 39 49 1 8 14 22 28 29 44 3 24 43 46 10
1 34 39 15 25 39 2 13 20 49 8 26 30 1 7 19 1 4 4 4 6 22 26 26 28 29 36 44 50 12 20 27 46 5 28 46 8 16 18 23 25 38 44 48 1 4 5 14 25 34 35 47 5 12 24 30 40 41 46 49 50 4 7 9 16 34 3 3 7 33 5 28 33 40 2 16 16 18 18 26 29 29 33 36 14 15 33 35 4 14 10 16 2 12 34 38 41 35 38 42
10 11 22 36 40 46 1 6 33 40 3 7 14 23 27 32 32 40 11 29 36 44 2 11 14 15 22 30 34 41 15 17 20 21 35 15 37 44 44 2 10 23 26 27 33 44 1 8 17 22 23 25 44 47 5 11 15 19 35 49 9 10 18 32 40 48 1 3 10 26 27 36 37 43 48 1 2 2 4 14 42 17 13 26 1 8 8 22 36 41 50 23 49 5 6 13 26 38 14 40
30 3 9 13 21 25 34 35 46 3 19 23 31 45 25 27 38 41 19 28 30 32 43 6 6 13 13 26 35 39 3 17 47 50 33 40 17 19 35 44 1 25 32 38 46 49 14 21 21 29 15 19 20 22 49 4 16 38 43 24 30 37 11 15 17 25 25 34 47 47 50 50 14 15 15 18 22 24 39 43 43 46 15 38 40 18 20 23 30 41 42 48 8 14 25 44 47 1 10 11
6 25 26 29 33 8 9 17 21 34 45 45 10 20 35 41 10 26 29 33 36 4 14 14 22 45 1 10 24 8 16 18 20 30 30 22 41 1 11 29 29 38 42 47 49 32 45 46 46 8 8 27 28 29 48 12 25 29 31 32 38 45 28 34 48 29 44 46 11 18 30 31 35 49 47 33 43 2 14 16 25 44 45 2 4 7 9 11 13 36 40 47 48 49 7 13 19 35 43 46
12 16 18 31 38 39 2 25 27 50 11 15 28 48 49 6 15 23 28 34 36 39 4 8 18 30 31 38 38 40 42 45 46 7 28 38 39 39 44 4 12 13 15 15 30 49 13 28 39 1 1 3 20 30 41 44 1 22 42 44 46 13 19 21 37 49 26 29 30 39 5 47 6 11 13 15 19 20 38 38 41 42 7 23 24 50 21 23 23 31 48 11 12 39 50 5 11 18 40 46
2 6 48 28 31 39 32 33 36 37 46 48 10 31 33 39 45 48 9 14 21 1 5 7 14 27 30 43 26 39 39 44 13 23 43 1 31 38 49 2 3 4 7 15 25 26 45 27 35 40 45 46 10 31 37 42 44 44 45 49 2 4 8 39 50 25 27 31 37 45 6 43 20 26 29 30 30 33 34 37 45 12 13 18 32 32 38 12 12 14 35 3 26 36 42 13 22 25 31 49
3 16 20 24 49 1 3 7 33 41 48 50 4 28 29 37 44 6 14 32 34 37 41 45 46 49 50 7 19 20 38 16 31 33 40 44 3 15 18 4 12 16 20 34 36 39 46 1 33 40 45 46 18 23 32 3 3 4 8 12 25 26 41 10 11 27 37 42 42 29 40 2 5 22 26 46 2 3 3 12 30 33 34 36 37 42 43 4 33 35 45 45 23 41 42 44 2 16 42 47
11 15 21 30 31 48 2 50 19 22 28 32 33 1 2 2 11 16 24 24 31 7 12 22 33 10 11 17 17 29 40 40 43 45 45 50 1 17 31 38 2 9 25 49 1 8 10 14 30 33 36 44 47 9 15 23 41 46 19 32 35 12 26 46 6 44 24 42 48 50 6 18 21 8 13 16 21 24 29 49 4 10 38 39 39 49 28 48 7 8 13 23 31 4 6 8 23 24 25 47
2 10 11 22 31 32 36 39 8 14 14 24 2 2 17 48 50 12 14 19 26 30 38 43 47 1 3 11 14 16 20 25 32 35 48 50 18 37 44 44 50 4 23 28 40 45 47 49 31 33 47 27 46 1 5 10 14 17 18 19 24 33 40 7 34 40 46 19 24 26 41 5 25 26 27 28 41 6 11 22 38 41 41 42 45 48 30 40 45 22 43 4 25 34 37 39 45 2 38 49
16 22 26 36 48 14 24 27 37 49 1 11 23 27 40 45 4 41 3 9 16 33 39 44 22 38 8 16 29 31 48 8 20 29 30 31 36 5 28 31 32 41 15 16 20 31 32 5 18 19 49 1 33 41 45 48 26 32 32 42 42 45 49 20 47 49 4 13 16 16 18 3 5 11 22 33 43 10 11 18 28 37 39 3 8 14 18 44 45 23 34 39 48 3 8 10 13 16 35 45
23 42 42 49 50 5 8 8 19 21 33 2 8 16 38 42 50 7 15 42 43 10 11 21 23 30 44 50 4 9 16 32 1 10 21 23 34 49 49 17 27 35 40 44 45 45 46 8 38 43 1 9 22 26 43 12 46 49 1 2 17 19 46 2 19 21 31 49 3 35 43 10 15 15 29 30 5 28 44 14 15 15 28 42 3 13 17 40 1 24 38 41 42 43 44 49 50 10 34 43
5 6 10 12 12 37 44 45 46 50 18 33 35 12 38 43 14 30 31 33 11 36 37 15 33 46 5 10 20 29 30 6 17 20 24 12 15 17 23 45 14 30 31 37 45 5 12 16 19 20 30 31 32 39 20 21 3 17 19 26 48 5 26 32 48 3 7 38 44 45 7 18 32 32 38 38 45 45 5 19 35 44 50 50 2 7 18 18 24 24 26 34 35 38 40 1 14 24 26 47
9 10 21 22 22 26 41 6 27 30 48 4 40 40 35 48 5 11 12 30 38 39 17 31 33 39 40 2 5 10 21 37 46 47 9 37 41 43 13 15 15 32 33 38 8 17 35 36 45 14 15 18 21 30 40 45 45 46 5 17 22 29 33 33 36 36 14 26 42 8 15 19 36 41 14 30 45 49 8 14 14 24 36 39 45 50 27 42 17 8 9 11 26 47 3 7 25 44 46 47
4 12 20 40 41 44 9 22 31 32 42 3 13 19 22 29 37 45 50 17 34 36 38 39 6 20 37 48 4 5 15 37 38 4 7 12 16 45 48 1 5 35 5 13 25 42 14 24 30 39 43 44 2 3 4 9 13 22 34 35 39 48 48 21 21 25 27 6 6 24 31 35 42 46 15 17 26 31 3 6 8 16 27 7 23 24 37 45 46 47 4 12 20 28 35 44 12 42 49 50
1 17 25 28 37 50 16 19 33 41 7 26 33 34 37 47 48 48 13 17 25 43 46 48 5 12 20 25 36 47 3 5 7 9 19 33 40 43 6 25 40 46 48 50 20 30 38 10 30 31 43 43 43 3 9 17 22 40 6 30 50 21 23 23 38 38 38 38 39 45 46 47 47 15 17 2 7 18 32 36 38 44 50 4 1 26 30 40 44 10 23 28 40 47 11 25 41 46 47 48
7 9 17 24 33 5 7 13 22 41 9 37 38 43 48 6 8 21 6 18 28 35 50 2 11 16 18 23 39 2 20 21 29 33 34 2 4 7 7 17 20 8 9 30 34 21 41 43 1 1 6 11 18 22 7 20 21 31 43 21 37 37 42 49 19 23 31 36 44 47 1 8 13 17 34 36 44 8 18 21 26 27 31 2 5 36 40 41 4 20 22 24 42 50 1 20 24 36 39 45
1 2 16 17 20 22 28 30 32 37 42 32 49 9 16 20 23 49 1 9 16 24 38 4 10 19 41 14 30 39 3 11 18 37 11 26 27 30 38 5 6 7 29 41 39 46 1 30 38 43 21 37 44 47 9 31 4 21 26 30 41 2 4 16 17 17 21 45 46 50 18 18 18 38 18 18 19 21 41 46 9 16 37 39 41 1 7 13 32 34 34 41 45 46 49 4 23 31 44 46
18 37 21 37 41 43 48 6 22 27 38 1 23 49 1 47 48 5 6 9 16 17 31 36 38 44 3 4 6 23 38 40 1 3 5 18 20 29 3 7 9 19 23 25 36 43 4 9 13 36 49 5 5 16 16 20 20 32 34 40 36 41 44 44 7 15 16 18 37 42 46 38 42 47 10 10 26 32 34 1 7 11 11 14 20 22 26 34 47 2 8 15 16 21 28 35 37 41 46 49
15 24 11 17 19 32 17 26 38 25 26 36 43 2 19 19 41 2 17 43 49 6 24 45 13 20 33 36 45 15 16 36 46 12 16 28 29 43 45 10 11 22 25 39 42 43 8 11 20 35 41 25 47 49 50 4 7 16 17 25 32 41 3 11 27 45 49 4 10 28 28 28 36 43 46 48 13 29 30 35 40 15 15 31 47 3 5 7 8 17 17 21 23 26 35 37 5 7 34 42
3 5 10 10 22 26 32 43 11 15 35 37 37 43 14 18 8 13 27 33 36 37 40 42 49 8 41 5 15 43 50 19 23 37 38 40 47 10 16 27 29 31 42 20 21 29 30 33 34 1 1 6 7 32 41 43 49 35 35 47 48 5 16 49 13 19 41 3 31 32 42 45 46 33 4 7 14 28 29 39 42 2 2 2 10 13 15 42 50 8 32 35 44 6 8 8 21 42 44 45
16 16 29 41 43 45 3 15 15 28 31 33 1 7 14 21 28 43 43 15 38 50 11 15 21 26 37 37 41 18 25 48 5 5 5 5 13 31 38 50 10 28 46 40 41 1 42 50 3 10 13 15 35 39 45 7 22 35 47 19 22 22 22 23 31 39 42 2 6 8 15 23 25 22 24 19 21 30 30 43 47 48 49 32 43 50 23 24 33 39 49 12 32 35 39 42 43 4 15 37
6 13 23 16 16 28 31 41 41 47 12 20 29 30 40 14 20 35 36 42 45 50 32 49 14 18 21 32 37 46 2 17 23 27 44 47 50 50 19 25 38 40 47 11 17 24 42 3 18 19 20 28 31 37 8 16 50 14 24 26 30 35 21 29 29 46 17 29 31 45 49 17 20 21 29 46 8 11 15 21 27 36 37 48 1 3 20 25 34 3 17 25 26 44 2 4 32 36 39 43
16 32 1 6 22 47 4 21 43 49 13 16 27 38 2 17 21 23 24 4 14 15 34 47 45 1 3 6 7 8 15 27 31 42 49 7 7 13 14 26 28 34 36 37 37 39 39 42 3 5 11 22 30 37 16 27 49 10 39 47 11 12 19 36 41 9 11 13 16 25 30 41 47 48 49 24 40 40 41 48 17 20 26 31 35 41 49 7 30 19 37 42 44 2 3 5 16 18 38 42
3 6 34 46 1 4 25 17 37 39 45 8 42 44 49 7 43 8 8 13 19 20 22 25 29 35 50 8 13 20 21 26 28 30 40 5 12 38 29 33 42 46 8 17 20 47 2 21 33 39 23 29 46 1 2 6 8 13 14 23 44 40 44 47 47 4 4 6 14 26 31 34 50 3 4 10 14 40 41 43 2 11 22 26 33 35 36 39 40 14 35 37 48 49 7 29 30 48 2 47
8 23 25 8 10 20 29 43 45 49 3 28 28 33 34 47 48 25 26 39 48 50 1 7 11 21 33 35 7 15 43 5 7 11 27 48 3 30 2 6 9 21 31 2 5 17 19 35 48 19 2 8 31 32 42 43 46 3 22 25 25 40 14 22 35 42 42 26 30 30 36 39 40 44 50 13 29 38 44 16 22 23 36 43 47 1 2 17 31 35 40 45 49 8 3 7 9 24 35 40
6 7 15 20 20 34 35 43 10 12 35 38 46 17 18 18 19 30 37 43 8 12 20 21 33 46 9 10 38 2 3 5 8 11 18 42 18 24 31 45 10 11 13 44 46 17 27 27 37 48 1 15 33 42 37 39 50 2 15 16 20 20 37 40 47 2 4 6 12 15 42 43 45 5 29 35 48 19 23 40 47 48 4 31 32 6 23 27 36 25 26 44 44 17 22 24 29 32 33 49
2 7 22 24 28 33 5 14 16 16 20 22 27 31 6 20 28 33 35 44 45 46 47 33 42 50 2 3 21 45 20 33 45 1 39 45 3 6 14 37 40 42 2 16 19 32 38 4 9 33 41 5 22 40 44 13 18 25 44 1 17 21 27 27 36 41 44 10 23 33 38 42 48 1 10 11 12 14 25 6 10 12 22 27 31 50 49 2 19 22 25 25 30 45 37 43 48 32 33 44
10 46 50 22 26 28 32 34 43 44 7 11 22 5 12 13 18 33 36 37 38 50 25 41 47 1 15 19 2 3 4 31 39 4 8 27 33 18 24 39 42 43 4 49 40 46 50 6 12 27 30 31 45 7 8 17 22 24 26 31 33 48 1 20 31 36 38 40 2 3 6 12 21 24 24 33 40 39 47 15 30 32 37 2 15 19 24 33 35 36 41 43 47 6 32 39 40 44 11 29
3 17 13 33 47 50 12 18 26 35 42 46 2 3 18 20 22 26 28 28 35 36 1 21 29 32 38 3 9 18 22 33 23 23 27 43 1 19 20 24 28 31 33 35 46 17 3 23 25 32 40 43 49 2 31 46 50 3 6 15 20 21 23 31 39 9 28 28 44 49 19 23 40 41 9 16 24 47 9 21 39 39 40 50 4 18 22 34 1 5 11 12 16 37 41 46 22 36 37 40
4 7 25 29 45 47 7 20 32 36 47 6 16 16 24 47 50 1 5 13 17 49 1 7 24 28 37 39 10 17 30 47 50 6 9 11 15 16 33 4 16 30 32 34 36 37 38 45 12 21 29 43 23 28 36 40 43 45 48 12 16 25 36 43 7 19 31 31 49 4 4 7 35 50 5 9 12 16 25 27 28 39 7 10 14 47 14 19 31 49 6 8 10 25 28 39 46 11 44 46
1 21 1 3 40 49 6 9 9 23 25 30 18 19 23 26 30 32 45 32 33 42 46 2 24 29 44 47 3 8 22 31 32 13 14 23 32 37 48 8 32 33 38 1 15 24 29 33 36 1 3 31 48 1 4 17 26 34 40 1 1 2 8 8 13 14 29 49 19 28 37 4 6 12 31 38 46 5 15 16 23 23 25 32 40 5 6 22 42 49 24 7 15 25 35 38 40 14 16 46
8 29 34 49 49 7 16 22 44 22 30 38 38 47 5 16 35 37 5 9 19 21 23 26 33 48 49 25 27 34 37 50 8 18 24 36 1 3 5 7 10 13 26 38 41 18 18 45 10 45 22 26 32 43 8 9 10 32 47 9 16 18 22 24 24 25 25 30 43 9 26 29 35 37 39 2 2 5 14 14 32 37 49 3 3 6 46 30 35 2 2 18 36 12 29 37 38 40 45 47
5 7 9 28 31 33 13 15 23 42 46 1 3 8 19 35 35 36 48 10 47 1 22 33 38 39 48 48 50 6 16 16 25 31 36 47 10 11 13 16 18 21 40 41 20 33 47 2 2 9 15 22 28 30 21 22 25 33 48 20 22 24 30 49 22 2 3 15 41 50 12 16 47 2 3 8 12 13 23 9 17 3 10 13 18 21 23 34 35 4 6 24 41 46 47 50 26 31 46 48
1 12 14 15 21 31 45 9 17 19 30 44 48 5 5 21 29 30 43 23 38 39 46 47 49 50 6 19 22 27 50 27 30 47 11 41 4 6 12 35 41 46 11 36 22 31 33 39 45 46 1 49 5 16 21 6 9 12 13 17 23 34 42 8 9 16 22 50 18 34 44 3 3 11 23 27 31 44 9 29 35 43 45 45 12 23 24 27 29 33 4 15 23 27 33 40 8 30 31 32
26 27 11 13 18 21 22 44 46 49 29 2 22 27 28 47 47 7 19 21 40 40 7 9 14 23 38 2 8 35 2 4 17 39 50 50 1 17 20 22 45 1 13 13 17 28 31 40 11 14 24 8 14 28 41 10 12 12 18 18 25 32 34 49 49 2 26 31 34 42 44 47 3 9 14 17 29 31 40 8 15 32 39 49 34 40 50 25 30 31 32 40 3 7 13 41 13 13 23 31
3 28 42 43 45 45 39 12 14 26 31 32 32 39 7 7 12 27 31 35 3 9 11 21 27 48 48 22 35 42 13 15 21 28 37 49 5 17 17 29 47 49 5 6 11 13 45 47 9 21 26 31 44 1 17 27 33 46 13 27 34 43 17 17 26 29 32 44 46 12 24 45 1 10 23 26 38 40 43 4 10 26 22 19 26 33 42 43 49 7 11 15 16 17 31 16 22 22 43 45
15 23 40 50 8 23 33 40 2 17 23 24 30 46 3 17 18 33 36 46 49 10 31 34 40 16 19 22 22 27 45 13 29 45 20 38 41 46 23 24 34 37 45 47 17 23 26 29 30 36 36 2 12 13 1 2 3 5 6 29 45 18 29 42 43 43 50 24 32 36 37 42 5 7 10 15 16 24 26 14 17 39 4 23 24 4 12 13 23 39 4 21 22 28 32 48 16 28 31 33
6 9 11 25 34 50 13 17 32 41 42 43 44 45 47 11 30 41 48 21 30 31 31 32 6 13 40 6 10 11 14 14 33 37 42 45 46 1 7 10 39 1 4 12 25 36 43 1 24 33 33 42 45 10 11 11 13 24 41 45 50 3 12 18 37 44 9 28 36 16 30 34 12 23 23 42 3 11 12 24 5 6 8 10 38 40 44 44 2 6 11 32 39 2 7 25 11 11 16 21
6 11 23 26 29 40 3 21 25 27 7 13 29 8 22 22 37 46 16 21 34 41 46 4 7 10 23 31 36 1 20 29 38 7 14 18 26 43 45 50 3 10 12 15 21 3 15 15 29 30 31 48 5 14 20 34 40 44 45 47 49 13 25 31 48 2 12 26 27 47 48 2 2 3 11 27 44 44 16 38 41 17 17 22 23 29 30 33 34 42 44 47 50 21 32 42 10 29 31 50
16 19 19 42 47 47 49 12 17 23 23 42 47 13 40 46 15 25 37 50 18 18 33 34 37 39 48 2 18 22 23 2 5 46 10 14 28 28 31 33 41 41 43 49 6 39 1 20 35 36 37 6 15 27 28 44 6 10 11 30 32 40 47 15 24 25 37 50 5 25 27 29 30 41 11 5 12 23 39 43 3 4 9 16 24 39 40 41 4 20 33 42 11 29 34 45 11 15 42 49
11 12 13 19 22 26 38 45 47 50 8 9 14 16 42 45 17 19 24 30 32 37 38 7 15 16 26 29 48 1 9 24 24 42 45 2 14 29 35 36 41 27 29 39 50 20 46 24 27 30 35 50 13 25 31 42 12 15 23 29 32 18 20 24 30 30 40 43 44 31 3 15 19 24 50 3 30 48 10 22 25 29 50 5 16 17 26 35 3 18 43 11 19 23 26 46 25 29 31 46
3 11 14 20 22 23 28 13 19 42 5 9 35 45 4 6 15 16 16 32 32 49 11 20 25 28 28 29 36 37 42 7 24 31 37 47 47 4 12 20 28 36 37 6 11 13 14 18 32 44 36 45 48 50 7 31 34 38 49 1 6 27 36 9 25 1 1 3 9 11 17 24 47 50 2 8 33 41 50 1 5 8 11 22 24 32 45 12 20 23 25 30 33 36 40 3 28 41 44 45
15 21 27 27 39 48 2 7 16 17 23 25 38 40 17 19 20 21 32 50 12 29 7 23 27 29 39 44 48 50 3 26 26 38 47 10 21 23 24 33 47 6 7 9 17 23 28 37 9 10 11 12 14 31 41 41 11 14 16 48 3 34 35 39 1 10 36 7 12 25 29 32 37 50 9 11 17 18 18 24 28 41 2 15 16 41 1 6 8 25 26 36 45 2 20 20 22 39 30 43
5 7 27 32 36 20 46 20 26 30 31 3 7 26 29 36 48 4 10 12 25 32 39 41 45 3 6 13 45 45 49 2 2 21 25 26 36 38 8 22 30 37 38 44 47 1 5 14 18 23 28 8 15 30 31 34 14 15 21 31 6 8 13 14 18 20 26 30 40 45 19 21 30 2 5 5 22 49 4 9 21 29 8 17 21 36 40 3 7 8 11 16 8 26 26 38 11 12 37 50
6 11 25 29 35 45 5 6 8 11 14 20 33 37 4 6 24 10 11 21 21 2 6 50 4 8 28 38 45 48 21 31 38 48 50 24 50 6 35 37 37 48 48 49 40 48 2 10 18 19 19 38 24 25 25 26 30 4 13 24 32 34 49 4 6 9 17 18 32 42 1 21 27 30 32 39 40 47 10 25 27 10 41 4 17 22 26 29 33 36 44 47 48 1 19 20 30 33 37 45
8 13 19 3 7 10 12 18 28 38 49 2 3 10 15 16 31 5 13 13 14 15 24 48 2 6 11 32 32 38 9 12 14 17 23 49 9 35 39 42 15 25 27 29 31 31 34 49 1 18 18 23 45 47 18 30 31 34 34 12 15 1 3 3 24 27 40 12 32 34 15 19 26 39 41 45 45 47 3 7 11 28 44 44 45 1 18 25 28 43 1 25 49 18 20 26 10 35 40 42
18 25 48 4 5 8 11 23 34 34 38 2 15 17 18 46 47 4 32 44 50 15 16 33 45 4 17 26 38 5 20 24 25 34 40 44 46 17 25 34 45 46 48 2 2 6 25 31 33 45 6 11 50 1 19 23 36 49 20 24 27 29 31 46 7 30 38 8 16 24 49 23 44 17 27 32 38 39 42 46 9 12 15 26 36 37 23 36 42 45 20 27 35 36 39 49 14 33 36 45
6 42 47 48 49 1 15 21 15 32 34 45 50 18 23 29 41 42 44 44 49 2 9 30 33 46 1 7 21 28 41 1 15 26 37 3 28 46 2 17 23 25 33 38 44 45 47 50 10 11 14 30 37 46 5 8 9 11 21 43 10 20 24 33 34 48 48 13 25 31 2 5 7 8 16 22 49 15 20 25 37 6 10 23 27 35 11 33 39 13 14 15 19 36 50 10 43 45 47 50
4 11 16 20 22 32 48 4 14 22 47 12 18 21 11 16 23 34 46 49 10 15 15 25 39 45 6 16 23 32 36 3 6 11 18 27 43 47 7 36 38 8 12 17 23 24 34 12 13 13 45 47 48 18 22 9 18 27 30 33 41 5 14 34 35 9 11 14 37 37 38 41 41 48 5 21 27 33 38 7 23 30 39 1 3 13 14 16 17 42 4 35 36 42 4 5 5 21 45 48
24 32 36 37 37 47 9 19 27 49 12 13 15 30 34 43 47 21 36 37 4 7 11 11 17 19 29 45 4 26 46 47 21 6 10 29 40 44 3 13 28 42 43 11 12 22 35 47 4 8 8 18 26 27 28 32 40 41 6 10 11 37 49 6 7 15 16 40 45 4 15 25 36 43 48 17 27 49 49 1 17 23 23 30 46 27 33 36 40 50 1 1 9 13 24 34 40 41 43 50
20 30 34 2 4 8 12 14 29 31 3 17 20 24 28 32 35 50 2 34 46 31 35 7 19 29 30 34 38 41 4 11 24 26 9 10 30 46 46 2 9 28 15 28 46 15 19 37 40 40 45 4 6 7 14 19 20 21 22 25 33 40 42 48 25 27 49 49 4 9 13 17 18 30 42 19 23 28 35 38 50 4 16 40 42 13 17 43 7 14 16 20 23 40 49 50 21 44 45 48
1 13 28 42 44 48 7 25 42 5 27 33 41 44 11 23 37 42 50 7 13 19 31 31 46 46 1 11 16 18 24 29 18 41 38 44 7 10 13 18 22 38 38 5 12 15 15 17 19 30 33 38 43 49 9 17 8 17 22 30 31 38 39 39 46 6 27 39 3 15 23 23 32 37 38 44 45 4 13 15 30 7 23 42 3 11 36 12 29 32 36 3 23 4 5 26 26 32 36 48
1 7 11 22 23 26 31 33 42 9 11 17 41 4 7 10 21 29 49 5 6 13 15 15 32 34 36 38 41 18 21 31 37 39 44 18 19 43 4 12 22 24 32 8 13 18 26 27 42 34 13 18 22 27 48 10 19 46 48 3 13 13 25 38 42 3 25 30 45 50 5 19 21 23 24 48 7 34 38 12 13 30 25 27 27 44 45 25 30 40 15 19 46 9 12 26 30 33 36 41
6 9 9 25 27 34 37 10 22 37 39 42 47 11 16 22 27 47 47 12 12 18 21 30 33 35 36 37 41 44 48 50 1 7 20 22 39 17 21 8 10 14 19 44 48 1 9 30 11 18 26 34 37 48 9 11 17 18 26 29 35 36 44 46 47 48 4 8 22 24 28 21 37 3 13 18 11 27 28 45 45 3 5 8 10 17 36 5 17 23 46 13 25 36 46 20 38 42 50 50
6 7 21 21 48 18 20 50 29 33 35 1 4 5 18 19 21 28 37 47 48 3 7 8 14 24 43 2 40 50 13 16 20 40 2 9 12 15 22 36 7 31 32 37 42 21 21 47 10 22 27 29 34 17 27 28 43 48 29 34 44 49 1 7 9 25 27 29 31 38 43 47 17 22 24 45 2 21 32 33 5 7 23 33 40 45 46 48 28 30 33 47 6 30 41 41 45 8 17 23
8 9 13 15 29 29 45 2 8 32 37 39 47 11 18 5 13 31 3 6 12 19 14 32 34 41 6 22 23 27 35 50 33 33 34 39 45 48 13 21 21 29 30 31 40 42 3 10 24 33 3 4 6 11 16 40 49 2 7 15 24 45 49 39 3 7 18 28 30 3 27 31 36 16 34 46 1 13 20 30 38 49 17 26 31 35 36 43 1 2 11 30 40 44 2 12 17 31 33 40
9 11 12 22 39 40 40 48 6 8 10 11 14 34 44 15 21 30 32 49 9 39 41 43 48 3 16 38 43 2 4 15 20 33 37 48 2 7 18 42 12 16 19 22 25 29 16 24 29 5 26 26 26 31 32 48 3 7 44 49 21 30 35 41 46 48 49 14 21 22 7 25 30 35 39 39 43 46 46 20 40 41 3 10 25 43 48 8 25 28 46 2 15 22 41 43 43 43 10 14
2 7 31 39 47 2 5 17 20 30 34 12 18 21 24 46 49 13 24 36 46 8 32 37 38 44 18 28 30 7 11 16 32 43 2 8 15 21 25 32 37 4 27 34 34 39 44 18 32 39 43 2 11 17 28 39 41 46 8 33 42 48 1 11 15 17 42 43 48 4 20 27 34 47 50 9 22 35 42 47 25 35 37 37 17 24 32 45 49 10 24 29 30 41 46 12 14 24 35 38
1 7 14 20 44 46 8 21 35 14 16 18 21 37 40 5 21 21 44 11 25 41 42 50 8 16 32 36 41 44 3 10 23 23 30 49 49 21 30 31 45 7 8 30 32 43 50 50 2 8 18 35 35 39 7 16 32 32 39 44 6 10 11 7 8 11 17 28 40 15 19 39 12 14 33 41 50 7 16 17 25 28 36 40 42 45 49 35 16 36 39 40 50 2 9 10 14 19 42 46
23 27 35 19 34 2 11 14 22 10 20 24 43 4 5 7 7 9 27 39 44 7 7 20 28 36 2 15 19 22 38 42 50 3 47 48 10 28 30 35 37 23 33 38 38 40 50 11 45 47 2 34 35 45 11 16 24 47 48 2 20 22 29 35 41 2 8 8 12 22 23 38 48 49 5 13 17 20 26 29 39 49 6 15 22 27 38 6 11 12 23 46 3 7 8 23 33 38 3 34
1 2 6 30 31 36 45 6 21 32 46 47 13 47 6 15 20 31 24 37 40 2 24 39 43 45 7 23 27 40 47 11 24 39 47 50 8 13 28 49 8 15 25 28 31 37 39 11 26 39 41 41 45 46 4 9 24 25 47 48 50 37 40 49 23 37 37 13 14 47 10 10 17 31 33 34 35 12 18 23 34 49 1 10 13 14 18 23 1 3 7 13 22 30 32 35 48 16 41 49
9 25 39 25 35 39 49 7 11 19 36 38 17 41 4 9 9 19 20 29 31 34 35 46 14 15 31 36 46 16 25 30 33 39 44 48 16 25 41 42 47 1 7 9 22 27 7 11 15 21 38 40 49 4 6 9 11 16 25 25 27 29 30 8 11 12 19 29 29 33 38 6 13 42 27 29 40 40 7 8 30 33 37 26 28 42 3 3 5 14 22 44 49 50 5 7 21 21 22 46
9 10 17 37 6 6 9 17 18 23 1 5 19 22 40 40 22 34 46 2 6 12 14 21 40 40 4 21 22 39 46 47 47 1 8 28 38 49 7 26 28 41 5 17 21 33 36 47 48 49 1 2 34 44 45 2 17 37 47 5 6 9 22 23 33 42 1 3 11 20 32 42 4 6 34 36 50 10 11 31 6 9 9 29 40 8 23 40 47 47 9 11 13 27 43 1 14 31 41 24
19 25 31 48 3 7 15 21 32 48 1 1 19 28 35 38 39 42 46 13 20 20 43 10 19 22 33 43 47 48 48 7 35 4 5 31 41 46 46 46 4 34 37 47 17 24 29 39 7 44 8 31 32 37 8 8 10 18 27 40 42 11 44 5 25 26 31 32 47 13 25 10 19 35 37 7 15 18 20 26 33 35 39 49 8 11 19 23 32 34 34 35 45 45 46 48 1 35 46 46
3 4 14 23 27 49 8 16 47 20 24 25 33 42 3 12 13 15 39 40 43 47 50 50 10 18 35 39 40 46 47 2 3 5 33 34 45 7 8 33 49 15 30 23 49 50 15 19 27 2 5 24 29 44 17 29 32 40 3 5 8 12 25 31 32 32 6 18 31 33 37 41 7 15 19 43 44 1 5 21 34 18 22 23 27 41 31 38 40 12 21 34 34 36 39 39 42 42 4 31
3 4 12 12 25 47 5 6 13 19 23 32 15 24 33 48 48 12 12 13 29 30 35 18 32 36 31 32 41 50 3 10 19 46 18 21 22 28 7 22 34 42 3 6 9 21 25 32 33 46 6 8 9 15 17 38 14 28 29 32 35 37 1 2 16 25 42 48 48 25 26 39 50 13 24 41 2 13 19 22 29 29 33 1 18 20 33 45 4 21 30 43 4 10 15 27 8 20 44 46
4 37 38 38 6 7 15 24 39 42 46 2 6 22 41 6 8 14 21 26 39 14 37 48 9 12 22 26 30 35 37 21 25 37 1 5 14 16 38 39 50 14 40 47 3 10 10 19 20 32 40 50 4 45 16 23 31 14 22 26 28 29 30 19 22 34 43 8 16 18 24 25 38 43 46 10 11 24 31 31 42 44 2 3 11 13 16 28 42 46 28 29 33 36 43 12 12 20 26 36
2 39 45 11 23 31 50 6 12 15 46 20 27 33 44 46 10 11 12 18 31 50 26 35 35 36 40 1 4 11 16 20 48 18 33 37 2 9 19 20 41 1 3 19 20 39 44 2 4 10 21 21 37 39 44 45 12 15 21 24 40 4 7 8 35 39 4 22 40 3 6 24 28 34 35 47 49 49 6 28 35 45 8 20 20 21 24 28 37 48 15 26 26 29 47 49 14 20 44 45
4 47 1 6 11 21 38 45 46 4 19 23 25 41 46 46 9 45 20 5 6 8 12 13 31 5 19 22 23 30 37 44 49 11 15 19 37 43 18 21 25 27 33 34 39 39 40 22 24 27 35 40 4 10 13 15 18 32 46 48 6 6 23 35 37 12 23 8 9 25 32 35 36 4 7 10 27 28 36 41 42 4 18 25 38 48 50 18 1 18 22 24 29 33 42 11 21 29 45 46
16 17 18 19 22 33 19 20 20 23 34 8 35 44 9 21 41 42 37 38 42 5 25 37 3 30 32 46 48 49 10 46 47 1 5 18 27 12 21 36 39 46 13 15 21 30 37 43 48 11 14 15 37 6 14 17 27 50 11 15 17 21 36 44 47 50 12 32 41 44 44 49 2 22 24 35 49 1 20 32 37 45 6 30 35 48 4 8 11 22 23 30 40 45 8 8 29 32 37 44
18 18 50 7 15 16 17 36 44 49 1 28 40 46 11 13 24 46 7 8 10 37 7 23 28 28 40 41 50 13 15 19 26 31 3 20 21 21 27 1 8 9 13 30 37 1 2 11 14 15 16 22 25 30 1 4 12 14 20 33 40 46 5 7 19 27 34 38 10 15 16 22 22 25 35 45 49 23 25 27 34 45 6 9 22 31 49 1 44 19 34 50 20 3 8 18 3 3 20 48
3 4 12 27 34 42 46 47 13 16 42 6 26 34 37 42 45 50 18 44 40 1 4 36 13 19 37 44 47 14 33 42 1 2 13 24 32 10 10 29 23 25 29 32 9 34 7 9 22 23 25 36 36 44 15 31 32 32 50 10 16 21 25 29 35 41 43 48 1 1 3 18 20 32 40 43 3 7 9 13 22 31 34 38 47 11 18 21 44 22 22 35 36 43 45 48 31 35 42 50
18 28 30 35 36 43 1 7 13 17 20 24 27 39 44 3 5 6 25 42 42 13 14 9 29 30 32 44 46 4 17 19 33 47 19 19 34 38 50 11 15 24 32 7 19 22 23 31 31 41 49 18 19 26 32 39 45 24 47 14 27 50 6 21 23 37 47 49 50 9 9 25 5 20 20 21 24 41 9 10 11 12 16 21 30 35 36 36 9 21 25 19 23 32 41 23 33 39 39 46
21 21 24 35 38 48 32 23 35 39 45 12 16 34 36 46 47 47 4 7 12 17 27 41 31 45 49 4 9 19 19 22 42 44 2 13 19 26 49 7 9 10 12 17 32 34 40 50 2 34 38 49 50 6 29 43 12 25 27 33 50 4 10 2 13 22 47 49 6 22 36 43 4 6 16 46 46 49 26 37 37 15 17 31 32 34 18 21 26 32 39 41 42 10 11 13 20 21 24 42
4 13 16 22 2 13 17 35 1 2 8 19 22 25 26 34 43 43 7 13 20 48 50 5 17 40 43 45 46 2 5 16 26 1 32 43 48 12 17 25 4 13 25 27 2 24 28 37 47 10 27 37 6 7 16 31 32 33 6 32 37 2 11 19 22 26 28 12 13 40 46 48 50 1 19 27 36 13 38 1 3 7 14 25 31 47 1 2 30 30 38 46 12 18 19 30 33 36 42 48
6 17 29 32 32 32 7 17 18 19 34 36 15 28 30 31 40 6 10 11 17 19 22 43 4 6 18 28 38 38 50 4 24 25 29 37 1 3 8 10 18 22 45 46 50 23 23 27 25 25 31 38 47 13 23 28 32 34 34 35 39 1 14 28 41 29 35 37 39 4 10 16 26 39 39 42 48 10 10 15 29 45 3 46 48 49 19 50 4 12 17 32 33 7 8 24 40 9 34 47
30 33 42 49 32 39 19 23 29 35 40 45 25 30 42 43 10 13 18 8 11 13 14 17 28 48 12 19 23 48 49 50 15 23 28 36 37 5 23 24 29 31 36 41 43 8 21 27 29 1 14 21 22 31 34 31 33 39 43 3 7 10 22 24 48 28 46 1 14 29 35 36 47 15 18 24 31 37 10 37 48 3 3 14 39 40 41 47 11 12 14 20 28 10 18 20 24 34 39 39
1 11 32 1 2 14 16 29 42 46 49 4 30 33 11 18 24 32 39 46 2 16 22 26 29 44 50 1 10 18 21 24 28 32 9 28 40 50 1 4 16 41 44 48 20 33 38 50 3 6 16 27 37 47 48 18 7 14 17 37 43 5 8 10 20 31 44 7 16 22 46 1 28 44 46 8 11 14 15 15 39 48 5 8 10 29 34 37 50 3 5 21 21 33 39 15 19 40 47 40
