4 6 18 3 35 22 4 9 36 45 11 28 39 5 21 7 6 9 19 37 17 3 22 31 39 37 1 50 28 41 32 43 24 3 47 32 11 22 26 47 25 50 2 38 41 1 15 35 47 41 32 35 12 35 25 3 9 13 17 44 28 1 40 33 46 6 1 25 35 2 17 3 22 23 41 27 46 24 48 41 49 25 20 42 50 24 35 34 41 38 28 48 30 23 48 20 50 11 21 33
9 33 35 15 22 18 16 21 26 33 13 13 13 37 6 21 22 35 35 31 47 50 17 32 26 33 40 39 32 45 8 24 24 21 14 22 12 4 25 17 36 24 19 17 39 4 4 25 7 37 16 18 37 23 45 33 18 4 8 28 47 31 3 35 21 15 3 33 50 46 1 47 15 17 11 23 3 1 44 13 18 11 13 32 15 34 7 40 36 13 5 27 8 37 49 34 10 9 14 3
14 26 1 42 36 3 47 45 12 8 43 14 2 10 15 15 43 26 13 5 3 9 47 9 30 36 2 34 19 14 4 33 38 48 50 25 27 31 1 6 3 10 30 13 4 10 30 9 23 14 16 22 6 19 43 23 4 36 8 19 9 1 50 17 36 24 27 39 23 45 23 49 42 6 47 40 29 47 48 13 41 13 47 28 19 35 25 17 49 50 24 7 46 7 8 24 17 9 27 40
34 8 8 19 29 1 8 7 25 44 9 1 14 1 9 12 18 11 20 2 37 18 4 46 20 39 43 2 20 13 14 3 5 11 36 5 38 26 46 46 24 14 29 35 45 14 10 7 27 40 22 42 28 6 14 43 46 20 33 46 19 12 34 6 38 46 34 43 7 42 41 31 24 49 24 35 38 13 3 4 7 24 43 7 5 37 9 44 49 34 41 32 21 41 49 22 12 7 45 46
24 9 42 44 48 50 16 42 50 33 31 18 44 41 15 28 26 4 27 21 30 8 46 24 50 45 45 31 45 43 3 9 13 28 23 18 35 44 23 4 36 34 39 33 26 5 12 15 45 48 8 5 33 7 17 45 24 13 5 42 47 29 27 7 33 25 24 5 39 8 29 33 3 19 45 10 39 24 35 40 10 22 45 36 20 13 31 31 30 28 6 30 40 25 37 34 15 11 33 44
18 16 12 16 48 38 36 24 45 11 45 9 20 10 30 40 40 19 38 4 50 40 2 11 40 21 7 3 14 12 28 7 34 39 42 27 16 11 49 38 48 2 32 28 47 11 10 15 48 33 44 45 11 11 32 7 41 45 32 15 41 40 46 18 36 18 10 14 1 27 20 5 30 33 28 20 49 41 10 22 29 20 45 31 24 15 45 18 34 7 42 24 29 10 16 42 14 49 50 16
24 11 37 50 35 44 46 31 44 15 39 29 21 42 22 43 16 17 18 32 43 16 9 42 26 31 25 27 45 9 15 42 6 11 18 35 40 4 10 50 15 34 3 40 9 15 45 5 35 31 41 19 21 41 34 14 3 13 18 19 35 21 16 5 41 24 40 4 24 49 3 26 42 11 50 42 16 38 13 22 31 45 41 24 38 11 32 5 10 48 43 26 42 14 2 42 11 9 16 9
33 25 1 48 46 15 16 32 22 44 26 5 20 45 37 12 15 35 38 12 41 50 46 2 2 45 26 11 9 42 17 13 29 3 33 31 36 45 48 48 38 16 28 30 43 43 10 38 15 9 15 11 18 20 16 1 24 8 33 1 45 6 42 26 24 30 14 28 3 50 7 31 13 45 46 36 23 9 11 38 17 29 6 33 17 43 22 9 43 40 39 20 48 21 41 19 13 42 21 6
16 26 45 20 35 46 43 38 47 47 7 44 9 28 43 47 18 16 7 38 22 21 19 16 48 34 24 50 17 19 43 14 5 14 33 9 12 6 23 27 49 1 33 1 29 11 20 50 47 29 1 24 10 48 5 49 11 36 8 12 36 34 4 16 31 33 12 32 2 17 41 39 48 37 35 12 19 32 26 21 32 30 10 50 38 45 5 24 14 32 3 49 30 14 8 36 25 7 13 15
50 48 12 27 49 38 1 36 28 1 43 27 23 20 50 25 48 6 44 24 47 45 27 39 15 43 38 37 20 11 31 3 19 25 42 35 23 17 35 3 33 30 3 19 22 27 40 36 14 30 16 11 27 32 22 34 13 9 45 24 36 39 8 12 17 33 43 31 46 49 37 21 49 23 45 49 32 38 42 25 9 19 5 19 8 32 10 46 41 23 28 43 4 45 33 4 34 12 42 36
50 16 3 47 31 23 21 9 16 8 40 50 5 36 6 10 34 30 4 5 2 50 14 49 19 4 30 30 20 9 32 8 28 33 25 23 23 41 49 48 30 18 24 47 37 36 2 27 48 47 34 20 33 15 31 43 6 21 13 14 22 45 47 31 29 4 29 20 26 9 12 41 43 48 37 24 34 40 25 20 35 19 9 18 44 7 15 30 50 9 42 5 28 19 1 13 22 18 23 22
40 18 5 28 4 43 27 22 25 50 11 22 13 29 17 35 23 24 16 48 44 12 3 42 5 14 46 11 48 35 3 39 9 43 26 15 13 12 5 41 16 43 49 27 22 3 45 41 18 35 18 31 35 44 47 21 16 17 24 2 46 12 1 48 41 11 41 38 46 31 24 24 19 21 21 18 49 49 11 40 48 44 7 31 6 21 7 40 49 18 1 17 36 10 48 3 27 34 18 42
37 17 6 50 1 40 32 38 39 42 16 5 39 27 17 7 33 18 45 15 6 31 20 4 26 32 42 31 5 13 19 26 36 25 32 48 15 50 28 5 31 15 46 42 30 32 1 34 33 32 8 25 38 3 2 20 13 7 39 4 47 41 30 8 24 12 5 47 48 48 48 18 13 5 32 7 43 22 30 28 6 8 40 19 9 28 45 10 19 26 22 14 12 49 25 22 26 43 18 26
11 8 3 35 11 22 15 22 32 15 22 38 18 8 15 39 4 49 15 47 5 1 35 29 9 35 46 23 21 27 41 24 32 37 40 10 8 28 45 36 11 37 41 39 38 44 38 30 2 29 43 9 45 49 27 27 16 41 1 34 4 17 1 40 42 43 48 26 40 35 4 46 19 42 24 28 19 5 23 38 14 34 25 3 50 46 28 43 49 15 47 15 49 29 50 38 21 43 39 15
48 7 31 2 34 28 12 3 15 47 2 42 14 9 22 16 5 42 4 14 45 39 2 17 15 27 14 44 2 45 50 25 3 46 33 27 15 38 8 10 38 23 8 22 7 19 11 38 37 29 28 2 29 47 35 31 30 29 15 26 36 5 33 10 47 9 46 40 14 15 43 27 50 38 47 2 7 14 6 4 41 33 27 40 13 27 4 5 23 9 48 25 35 13 10 26 49 48 1 34
33 35 25 20 26 4 20 20 42 31 44 3 50 42 46 34 6 9 5 22 4 14 48 38 29 44 31 14 10 7 37 49 23 34 18 8 49 33 12 31 33 3 27 32 39 49 21 11 15 2 4 13 50 31 27 18 48 35 1 16 49 11 37 36 3 20 26 6 46 36 39 29 35 27 18 41 6 41 46 32 33 2 5 9 50 22 9 50 43 1 30 32 44 1 44 43 2 24 20 15
26 8 21 28 29 11 11 39 25 50 45 6 3 9 43 15 35 35 1 33 44 15 14 27 30 20 5 38 17 45 5 43 28 12 12 2 4 8 18 30 31 42 25 28 46 28 10 21 47 21 20 26 9 5 27 37 1 45 26 27 35 4 8 48 8 1 16 26 22 46 45 34 45 27 30 40 29 11 12 18 7 17 38 2 44 8 41 49 23 16 17 32 27 7 11 12 16 27 27 37
43 13 37 36 32 24 32 19 21 9 1 19 18 30 3 15 5 49 12 27 10 1 46 34 47 4 27 48 18 7 44 44 9 24 22 12 25 21 14 39 24 10 6 7 12 6 45 46 6 50 49 4 29 36 13 17 47 49 13 20 11 14 43 23 21 18 12 20 5 19 42 22 12 3 27 44 38 50 46 10 15 45 8 48 42 27 8 28 39 22 25 7 42 27 39 19 48 13 23 35
35 45 20 2 35 15 37 36 40 30 37 18 28 33 46 14 29 36 30 22 13 5 32 3 21 30 45 15 47 50 25 49 44 13 33 48 48 39 49 22 16 47 25 12 4 40 31 1 49 4 32 5 2 8 27 4 14 43 34 31 42 14 30 25 36 24 44 33 49 42 29 12 11 5 1 18 1 19 46 17 14 2 22 7 1 35 44 8 7 35 47 13 15 14 7 15 44 35 28 49
3 33 35 11 47 1 16 43 7 29 35 9 23 42 19 17 40 8 32 42 40 1 22 23 28 14 21 29 11 16 16 29 27 8 14 17 35 43 37 49 20 22 43 10 30 11 41 24 25 47 37 50 17 19 29 44 9 49 9 17 31 48 44 40 30 39 21 3 24 32 39 30 7 16 21 33 2 45 40 34 46 27 36 20 39 12 10 34 19 23 21 45 31 23 32 20 25 39 5 44
13 29 27 2 33 7 49 39 30 29 27 35 4 36 16 14 29 17 19 1 44 6 20 33 28 15 21 25 48 22 27 17 49 11 36 9 5 9 26 40 18 7 25 46 6 17 37 38 45 39 38 27 4 6 44 42 39 32 37 9 6 12 12 6 49 34 48 11 41 23 41 25 39 9 8 15 46 28 40 29 7 13 3 36 16 25 25 26 45 10 14 50 7 5 28 12 30 36 36 36
39 30 18 1 17 37 10 2 24 7 2 24 46 35 21 49 36 27 35 45 7 37 10 6 20 39 2 41 24 7 26 12 28 31 33 33 26 24 46 19 21 19 14 9 9 31 35 41 9 43 21 29 19 20 3 39 14 17 43 22 31 22 37 6 3 7 4 19 4 45 16 9 41 26 3 1 29 50 37 21 47 22 43 46 19 47 48 44 49 36 31 12 17 36 8 46 14 15 39 46
30 12 40 3 35 25 38 29 39 34 19 2 46 33 16 28 4 16 38 26 18 25 14 23 41 38 26 14 13 35 2 49 4 39 1 16 30 18 26 46 4 7 29 34 28 50 47 10 1 4 12 27 33 5 20 28 34 44 3 33 49 5 29 1 46 40 24 36 12 25 16 9 2 20 42 36 48 34 7 22 26 50 16 4 35 5 8 7 41 15 4 8 15 33 14 18 44 1 6 5
32 23 1 27 17 40 13 1 14 44 11 25 23 37 22 36 1 1 36 10 49 44 43 35 44 4 1 44 36 8 26 15 5 29 7 18 22 40 32 11 6 40 26 48 6 27 23 10 44 50 35 17 26 27 3 46 15 32 40 9 11 2 36 5 2 14 15 8 33 11 8 2 34 3 40 42 19 13 38 22 10 21 33 15 30 23 22 47 41 2 17 14 26 14 48 41 37 10 20 49
40 49 43 24 19 29 26 3 46 18 39 35 41 30 14 9 50 21 25 38 47 27 23 43 33 41 34 32 14 19 21 49 30 25 17 43 15 46 38 25 8 3 4 20 39 15 35 43 1 13 23 47 11 17 47 25 28 50 19 15 32 10 47 22 34 44 16 20 44 40 18 14 15 1 42 46 19 35 11 3 6 38 25 25 31 48 37 13 50 30 15 38 24 17 45 21 30 13 22 6
4 7 21 6 29 28 8 8 11 10 20 35 18 32 10 25 48 29 10 8 29 17 46 25 31 47 42 34 41 34 16 11 30 38 49 45 33 14 16 48 38 7 13 45 2 1 43 9 33 9 45 36 31 27 40 46 32 45 29 13 36 2 18 47 29 49 45 33 12 35 29 30 1 26 24 46 29 44 8 25 44 47 35 22 46 49 20 30 45 19 14 11 26 43 28 48 41 4 14 22
28 37 11 26 13 41 19 38 42 8 6 45 16 39 3 15 34 11 49 24 28 18 42 44 39 46 1 49 36 12 42 38 28 40 12 23 50 46 7 4 13 6 15 39 50 39 1 30 7 23 31 4 49 28 11 25 20 38 2 18 50 31 19 22 1 44 40 39 48 44 39 30 20 48 15 27 5 30 31 15 21 47 38 13 13 29 15 23 38 46 39 38 23 12 21 30 11 18 41 5
31 27 25 7 26 45 12 15 50 39 13 6 21 46 13 14 4 43 10 2 46 27 5 37 31 18 45 48 30 37 34 40 45 12 38 42 44 14 25 8 49 44 35 30 48 32 14 2 30 26 13 39 43 9 37 49 12 29 10 23 36 42 39 39 4 35 27 6 31 45 31 45 1 49 2 22 43 32 36 26 1 3 25 33 3 38 26 20 44 31 45 28 33 31 37 7 33 32 48 39
16 19 16 3 29 47 46 33 46 5 41 12 3 23 33 34 37 2 33 7 2 40 8 18 41 18 3 20 45 10 12 3 3 44 28 26 4 32 1 4 27 31 22 44 42 24 7 42 41 6 1 15 11 12 4 4 36 50 50 16 3 35 44 32 36 20 49 49 48 46 37 39 3 30 14 25 34 45 37 42 23 46 16 42 20 29 43 45 45 33 34 37 26 33 38 40 40 2 41 42
18 19 33 30 8 8 13 9 2 24 10 50 48 17 21 11 12 23 8 47 16 32 17 46 48 31 22 1 24 43 35 49 31 40 15 14 16 7 33 49 7 19 46 6 32 17 1 50 48 24 45 30 21 2 4 8 6 29 41 1 2 28 31 25 44 47 42 2 22 6 29 12 36 13 33 24 11 10 24 39 39 25 23 4 38 15 38 31 28 50 26 10 44 23 40 49 21 9 45 11
40 14 2 50 42 38 2 49 47 14 35 3 11 27 50 41 30 8 44 37 25 39 34 32 46 37 14 46 24 12 28 4 50 32 2 6 43 5 26 40 16 20 47 19 48 10 47 33 17 22 38 24 48 24 26 11 45 22 2 41 22 4 39 14 18 17 26 49 41 34 45 11 38 40 23 43 7 19 25 48 33 1 30 31 10 45 28 40 44 5 45 19 1 14 18 41 27 36 31 25
49 14 4 24 31 41 18 16 1 26 41 43 14 33 18 13 19 34 37 20 29 16 31 11 20 16 1 22 39 10 48 49 23 41 32 45 42 5 37 49 22 45 16 3 3 33 4 23 22 30 33 27 8 48 44 18 49 16 5 3 13 39 3 32 32 31 47 31 39 48 15 10 8 36 16 27 8 32 28 28 8 40 36 45 26 5 11 44 48 9 45 35 38 45 20 29 42 18 16 11
24 38 32 3 8 19 10 21 13 42 27 50 7 44 45 43 42 44 21 49 50 34 46 17 15 31 5 45 46 49 8 40 10 21 43 38 9 1 42 9 44 12 2 50 49 26 46 15 5 21 23 33 28 2 16 2 35 17 14 23 1 10 30 8 23 1 42 40 43 17 42 1 22 15 28 34 43 11 8 30 29 49 15 49 41 43 38 50 4 16 3 44 15 43 10 19 35 49 42 19
30 37 24 18 12 46 48 14 7 7 36 46 12 12 24 15 29 31 44 12 32 35 19 15 24 38 30 11 20 17 26 5 45 47 30 38 5 38 35 50 45 45 37 7 45 18 38 6 37 20 33 5 48 20 44 6 34 17 45 31 50 5 17 19 5 2 10 26 3 24 45 26 26 20 10 1 18 44 30 21 32 43 32 18 39 16 14 3 40 12 35 38 33 31 50 19 23 33 32 14
35 40 37 38 15 47 27 37 40 14 21 33 26 8 15 49 15 2 33 22 45 9 25 43 39 13 14 46 11 36 30 30 38 15 8 17 14 19 27 36 4 17 10 33 36 5 21 41 47 42 9 41 33 46 47 39 7 22 17 8 46 42 14 44 45 11 10 48 30 50 24 26 14 48 17 39 18 40 26 32 40 31 3 29 45 30 5 41 8 21 12 36 45 35 6 9 22 36 5 45
38 6 50 37 4 41 12 21 47 13 20 38 4 26 22 6 44 14 48 15 4 24 13 43 44 3 29 45 17 42 4 13 39 16 27 31 36 7 45 34 25 2 28 24 15 42 34 6 46 31 16 19 5 30 8 3 22 37 39 49 12 35 42 12 37 12 27 4 23 21 35 35 5 20 37 48 42 50 45 22 44 39 46 17 1 5 24 40 7 6 35 20 32 48 25 31 9 3 9 48
48 9 38 10 48 40 48 48 20 40 3 19 17 7 7 47 46 40 23 17 32 47 4 23 41 3 48 43 28 5 43 43 44 41 7 40 38 30 43 1 16 36 6 38 31 25 50 15 2 46 38 50 23 47 30 47 45 20 38 9 50 21 47 50 19 12 39 25 33 37 37 46 28 26 10 38 25 46 1 34 47 5 40 6 30 33 11 33 25 22 25 17 17 43 36 13 30 44 26 18
21 1 21 2 6 23 5 34 6 44 4 18 35 16 22 22 36 21 5 20 33 4 36 43 8 19 47 7 36 48 41 1 17 13 50 7 9 20 41 7 42 7 18 39 37 23 24 8 34 2 9 11 20 49 13 21 39 18 37 6 24 31 26 17 21 29 17 2 36 31 21 9 8 50 40 20 37 7 31 34 18 28 44 30 45 20 11 27 33 1 22 38 24 8 43 43 42 2 41 1
46 17 11 30 41 2 16 14 46 13 18 1 24 31 23 16 41 46 39 17 38 41 49 21 49 18 46 4 41 49 20 9 16 18 46 4 2 18 9 21 38 16 4 30 29 21 39 45 31 19 26 50 37 6 10 4 34 34 38 17 21 18 32 3 1 37 45 9 43 39 11 41 30 22 44 44 26 30 42 30 20 18 19 47 32 7 5 7 27 16 23 37 37 1 1 41 28 9 38 32
7 46 32 42 36 37 4 20 42 25 10 23 23 7 16 15 38 19 38 3 49 13 23 35 48 27 11 14 44 40 37 5 5 34 22 32 47 44 49 38 26 6 9 21 1 9 43 47 21 7 11 34 36 4 26 20 1 6 20 1 48 3 20 2 46 29 16 36 38 36 22 34 18 5 28 41 37 18 43 40 16 3 41 37 44 1 31 17 5 18 10 6 49 15 8 47 16 41 16 9
28 43 34 49 24 17 37 35 25 8 21 2 43 10 17 50 12 41 2 13 30 3 26 46 35 45 23 5 38 17 17 36 15 11 26 20 45 4 17 47 45 15 36 25 42 46 48 20 16 47 36 19 42 5 28 19 43 28 26 43 32 3 25 8 16 7 11 32 41 40 7 43 31 7 10 49 28 4 22 45 35 15 29 19 36 33 16 41 39 13 49 24 29 6 27 11 15 17 11 25
29 22 40 13 8 29 8 42 32 48 34 31 42 19 2 45 50 38 2 10 41 2 16 5 6 47 14 26 35 32 13 4 20 1 37 33 7 50 8 37 10 10 49 30 29 5 19 28 21 35 49 6 15 21 44 36 42 3 13 49 33 43 11 41 39 8 35 37 41 16 31 8 14 45 32 43 42 32 7 47 35 37 42 23 18 33 27 10 44 43 1 15 46 5 40 15 3 42 43 27
45 28 22 22 43 7 12 23 47 50 31 39 21 5 35 46 48 37 43 22 10 47 41 3 32 50 1 40 43 15 8 6 11 25 37 25 19 48 22 24 18 35 38 33 43 23 49 15 42 2 39 15 5 23 30 21 39 13 5 37 31 42 35 30 50 15 7 32 14 28 38 24 4 16 49 15 33 1 39 41 28 15 50 26 3 45 16 42 31 41 21 15 5 10 43 13 19 22 43 29
17 45 20 32 17 27 49 48 46 29 35 3 32 28 11 20 27 21 20 14 31 37 29 15 20 49 21 20 23 50 40 50 44 19 36 21 16 28 29 17 30 45 17 42 38 50 1 19 37 4 40 43 46 14 12 31 14 17 21 32 36 42 37 25 8 47 13 47 35 18 16 36 26 24 31 39 34 11 26 41 29 3 24 23 25 16 2 2 50 25 44 46 29 47 6 8 41 3 18 30
38 49 47 11 3 30 47 49 49 39 15 37 13 38 4 17 16 30 21 48 3 40 11 37 41 34 23 27 27 49 12 27 7 10 3 42 2 25 48 49 16 1 36 19 8 13 6 24 24 16 17 42 5 35 45 7 34 22 30 36 43 26 32 2 41 44 20 31 39 11 5 42 14 37 7 41 1 28 41 37 42 13 47 16 19 14 4 15 6 40 31 47 22 9 39 26 18 7 16 21
29 8 2 29 34 20 23 17 7 8 40 1 3 25 13 20 33 26 5 23 30 36 10 4 35 25 19 45 17 13 11 39 3 46 6 46 29 40 33 41 31 29 34 44 37 43 39 14 37 35 30 4 49 6 46 48 26 14 44 38 48 50 6 14 7 8 12 35 50 47 40 43 4 2 4 21 1 22 49 39 47 8 47 8 2 28 40 22 33 42 44 26 2 47 21 42 13 20 14 8
35 11 40 35 43 31 40 3 7 9 6 26 2 16 3 44 48 3 25 39 38 45 36 17 5 22 50 26 2 46 2 21 13 33 42 25 10 30 9 7 31 19 8 25 48 48 28 39 30 44 7 47 33 8 43 1 29 42 14 30 19 40 23 40 8 48 5 49 49 29 36 25 27 31 47 28 8 1 45 21 15 34 32 22 50 43 35 11 3 35 2 23 22 42 35 7 24 43 17 20
48 23 43 20 33 10 42 43 39 20 29 17 18 4 9 22 37 33 17 15 50 31 8 45 35 19 19 24 7 15 21 11 45 26 11 38 10 49 35 18 47 44 12 32 32 2 34 33 29 46 42 38 35 42 36 23 27 17 15 31 30 3 5 25 48 6 18 2 46 20 48 37 24 12 43 13 2 40 1 37 20 6 27 40 44 12 15 4 18 27 37 10 44 8 6 5 47 16 46 20
28 39 42 37 32 16 25 2 27 1 1 14 13 46 16 10 19 33 14 33 7 38 20 6 44 31 10 12 21 16 22 41 2 14 43 49 33 11 21 5 27 40 22 23 44 22 25 38 3 33 45 6 30 45 27 42 48 32 50 45 25 44 5 47 18 45 1 6 36 28 12 40 25 20 50 22 44 27 9 2 37 35 19 2 42 22 41 24 33 17 48 44 4 45 33 31 10 33 20 3
33 22 22 47 30 13 37 17 6 40 37 1 21 24 35 43 36 12 40 24 33 27 47 19 7 36 27 8 48 38 18 4 49 25 39 40 15 43 20 33 36 31 29 2 15 6 15 28 31 7 11 24 39 32 32 44 33 8 18 10 40 1 4 26 5 41 50 47 12 31 32 6 3 24 46 38 22 2 39 19 44 30 42 12 33 31 50 41 3 26 11 39 50 46 43 24 34 4 2 45
1 18 26 24 26 5 39 42 23 12 3 20 50 22 28 46 35 40 40 18 23 17 23 16 28 36 6 49 1 37 31 9 31 35 22 28 27 2 2 29 12 19 46 22 33 41 3 50 47 43 41 16 31 21 25 33 21 43 22 37 23 17 32 9 32 24 18 9 3 28 19 46 44 9 3 18 49 28 21 38 11 3 20 47 40 40 33 36 39 4 1 35 50 46 13 23 20 34 15 39
34 16 16 49 32 16 7 30 5 14 7 14 31 49 28 44 12 10 28 7 50 39 17 11 10 7 25 13 19 19 36 8 25 37 27 47 47 28 47 35 38 31 25 16 46 1 43 16 4 50 24 37 4 4 17 9 45 11 29 39 7 47 48 20 10 21 6 31 46 49 43 7 50 40 23 15 9 36 24 1 33 36 12 4 36 5 43 45 39 47 30 45 12 32 25 16 29 6 28 6
19 31 14 29 38 9 32 25 1 8 42 40 36 33 15 23 23 28 14 15 2 1 49 18 22 29 46 30 26 35 16 13 12 3 30 7 1 8 1 25 3 40 23 16 48 6 38 32 38 46 17 1 37 15 19 6 3 44 33 5 23 40 9 6 24 23 24 5 34 4 21 40 2 8 32 26 32 24 46 42 33 48 32 31 29 14 32 47 4 13 1 49 49 31 22 1 25 45 37 8
5 49 3 12 33 24 8 6 18 25 7 2 34 38 19 8 29 24 40 22 32 10 9 47 38 45 9 48 34 35 32 49 30 45 30 7 18 9 18 26 38 22 39 41 3 16 36 37 43 5 35 25 14 46 10 1 9 36 43 27 49 3 2 18 24 18 26 26 2 22 13 37 38 29 2 16 44 21 45 49 8 30 25 37 10 47 14 16 50 29 37 22 5 26 37 35 23 47 32 5
13 9 16 23 2 33 9 33 47 24 22 10 41 42 18 6 36 6 47 13 30 47 5 12 48 7 18 2 3 23 25 48 50 10 40 15 22 4 20 10 15 12 3 16 49 25 19 33 21 50 16 46 1 48 11 46 47 17 13 48 46 21 35 22 30 1 9 3 28 34 20 38 8 35 2 41 24 8 2 23 41 35 15 48 22 16 47 50 31 31 22 33 31 3 28 39 13 36 26 21
31 27 4 40 21 12 17 46 30 34 27 23 19 5 5 36 11 15 45 31 33 1 44 46 3 29 31 16 22 15 41 50 12 30 12 27 6 48 49 29 29 30 16 19 3 24 8 6 14 43 33 35 23 46 31 30 6 45 9 33 47 9 44 35 49 9 43 38 9 39 42 4 23 8 21 27 32 11 13 34 1 17 47 45 18 12 50 45 23 22 41 22 39 50 21 27 5 11 23 44
12 11 40 2 50 2 47 40 8 49 41 26 34 44 23 49 31 38 14 13 47 20 28 31 18 12 1 3 11 29 46 32 9 40 49 31 18 10 26 7 27 29 13 31 40 13 50 44 39 13 17 9 28 34 21 2 47 7 45 25 22 17 39 13 7 4 17 3 28 34 8 40 14 22 14 13 24 32 41 50 8 25 15 22 35 31 27 42 17 14 32 40 18 1 2 21 23 19 49 30
1 31 27 31 29 43 29 11 15 13 22 22 35 45 9 26 26 12 31 48 49 46 38 17 42 17 35 17 34 27 7 27 42 49 39 26 33 44 4 17 13 24 11 5 10 32 23 43 6 1 16 31 47 3 9 5 12 37 7 44 22 19 11 43 47 16 43 21 33 39 28 40 17 28 45 14 10 17 7 12 26 22 21 46 42 45 27 32 43 26 45 45 26 32 48 21 15 49 13 3
33 13 39 17 24 4 4 40 24 28 48 46 41 26 43 16 32 12 8 30 29 45 19 34 33 10 50 40 24 23 46 5 23 17 42 23 36 7 33 17 45 46 26 45 13 28 16 45 27 20 22 24 36 34 15 12 10 4 42 1 36 23 23 47 31 40 5 39 23 15 32 36 3 29 6 30 38 16 13 2 18 43 24 14 49 2 2 37 17 23 50 18 37 22 31 29 21 3 22 29
34 6 10 4 13 11 10 44 3 7 9 45 1 42 32 24 6 3 45 14 37 23 30 12 32 39 6 5 48 16 40 2 14 11 41 28 11 11 50 47 30 36 1 12 16 6 10 31 9 18 12 42 31 41 11 45 11 1 24 24 50 11 42 32 44 43 44 12 11 17 21 2 33 41 23 8 44 43 36 34 13 33 25 40 33 45 25 11 30 38 13 37 21 46 39 7 10 42 6 25
47 23 38 20 11 48 16 15 7 29 21 15 47 5 17 26 44 37 31 3 34 10 21 4 18 26 41 20 48 26 40 43 2 31 42 21 23 14 31 3 30 27 45 49 12 15 1 29 14 34 29 32 25 29 11 33 48 47 3 8 7 29 10 38 10 44 50 29 41 23 50 7 13 22 22 46 12 16 2 27 2 17 34 25 42 30 6 44 45 40 22 46 44 31 27 3 21 50 13 36
4 50 27 16 41 37 25 15 10 28 12 48 18 4 30 1 23 36 23 37 33 2 24 6 46 39 28 49 49 34 27 41 5 37 43 14 30 33 42 23 37 40 49 12 42 34 20 39 31 16 43 39 22 23 29 45 18 35 47 18 42 9 46 25 41 5 15 5 11 47 3 39 17 42 33 41 6 28 19 24 11 40 40 11 47 50 15 47 44 20 2 10 13 11 29 19 15 25 32 6
24 47 15 7 3 31 27 3 15 45 5 24 39 24 16 44 32 26 24 29 30 30 3 30 29 46 14 27 26 38 24 35 29 31 45 42 29 50 48 9 50 38 18 26 24 2 20 25 23 19 25 19 14 50 11 29 48 16 19 20 13 31 22 36 11 9 10 45 43 32 15 22 26 12 41 25 17 12 29 46 35 46 30 18 37 43 42 16 35 1 17 40 50 42 23 50 13 8 30 19
25 44 11 27 12 25 3 37 36 1 48 30 28 45 12 47 20 8 31 36 44 11 50 11 40 22 28 14 20 31 16 35 2 50 3 22 5 36 9 37 50 29 28 7 33 8 14 23 32 4 7 38 13 36 3 47 42 9 20 24 45 49 15 42 24 1 49 28 9 18 41 32 6 11 45 20 34 19 32 6 24 33 5 1 36 25 6 37 28 41 47 4 45 1 23 17 16 11 13 32
37 30 24 20 50 15 20 38 14 17 27 10 2 26 17 27 12 21 43 17 26 3 6 35 21 25 41 41 16 41 11 11 37 23 12 9 45 22 16 47 18 7 50 48 14 1 19 39 18 7 23 39 15 10 25 29 32 7 33 31 23 2 40 9 48 38 28 8 9 27 17 7 3 41 36 44 11 16 21 24 29 36 25 47 39 48 23 29 2 32 20 28 6 10 12 1 39 34 50 26
34 7 19 31 18 2 26 9 45 6 45 28 26 41 3 5 26 37 2 38 31 26 7 20 39 7 30 16 30 47 22 4 40 50 21 1 4 15 2 49 36 17 30 10 6 36 8 21 32 31 23 15 49 36 14 3 5 30 11 25 46 12 26 27 8 30 26 8 8 5 14 3 18 36 37 22 40 21 5 45 32 13 29 48 29 21 21 11 14 20 25 38 8 13 44 38 12 8 20 45
4 20 1 21 21 37 4 9 50 47 11 31 26 18 8 6 40 10 37 45 10 35 4 19 48 24 4 35 19 25 22 33 49 27 10 33 25 44 18 38 49 40 11 6 39 30 30 28 2 21 20 48 48 14 41 6 5 48 21 50 30 6 2 38 36 29 24 33 17 38 27 17 37 47 6 1 24 25 42 25 10 13 24 45 48 11 32 48 32 8 32 50 29 19 45 4 6 34 26 37
24 39 45 40 1 30 49 12 20 13 47 49 12 9 35 32 28 16 7 11 1 42 32 26 10 18 45 41 43 2 12 15 15 8 48 3 6 1 49 27 10 3 28 11 34 44 19 31 39 3 31 18 34 2 5 18 25 19 9 3 29 27 40 24 31 31 35 3 10 45 34 38 44 17 18 13 34 14 18 15 15 45 28 26 23 14 47 25 49 1 25 42 23 7 32 13 12 18 38 15
44 34 36 46 24 50 39 31 36 12 1 27 11 8 38 29 44 33 18 23 8 20 45 27 2 18 31 46 20 5 23 14 20 36 32 33 17 2 15 25 46 38 26 9 34 19 48 49 17 24 33 47 36 42 24 49 23 15 30 50 40 38 25 16 46 45 11 44 45 5 23 17 34 17 45 39 7 46 15 45 37 49 4 42 25 16 35 2 48 4 26 38 6 25 32 27 36 34 6 4
20 46 15 48 11 33 34 45 49 23 49 25 36 1 2 37 38 25 35 8 14 41 23 39 48 50 3 28 50 9 20 45 49 24 1 48 44 25 43 30 50 37 8 47 21 13 30 22 15 47 26 46 32 7 34 50 15 2 10 43 5 29 6 5 6 47 18 2 13 11 41 27 21 17 42 19 14 46 9 37 28 44 42 31 44 11 10 21 7 15 15 10 16 10 33 45 23 33 1 33
13 18 1 9 43 23 46 21 6 14 45 4 23 14 41 6 38 22 3 41 9 14 48 34 8 5 36 22 12 30 7 47 42 18 21 13 11 17 11 13 21 12 37 35 41 10 27 4 11 48 16 27 23 20 5 25 47 15 42 23 18 34 38 5 27 5 35 38 17 4 45 48 45 47 33 37 14 16 16 36 4 34 32 32 48 16 12 11 39 30 7 3 39 49 18 33 15 22 36 24
11 41 49 30 4 35 43 28 1 10 6 36 21 4 37 27 13 25 13 18 11 9 7 7 40 36 48 45 34 6 49 8 37 32 1 19 23 15 4 27 29 40 27 47 36 44 26 17 11 11 8 4 40 12 47 50 30 42 19 28 9 34 49 10 17 24 43 47 21 50 33 1 46 3 41 12 6 37 22 43 49 29 13 36 40 23 40 46 15 37 43 27 16 24 47 26 32 17 15 45
31 34 38 7 13 45 16 12 23 41 8 18 40 40 23 33 20 15 46 2 17 7 4 25 4 46 2 30 49 32 28 28 38 29 30 46 50 4 10 30 20 14 7 43 17 42 49 15 35 46 17 25 34 40 14 16 35 29 19 14 9 31 44 40 37 35 50 24 28 26 9 45 24 21 48 20 21 4 50 4 40 19 49 19 6 22 19 27 42 42 2 11 48 13 3 34 28 9 30 20
31 5 4 42 11 19 12 1 3 30 39 15 44 38 11 31 32 23 48 44 23 26 3 17 48 36 29 39 36 33 7 33 4 42 25 27 13 23 49 46 22 37 46 42 36 50 15 41 26 30 31 16 18 1 15 38 5 38 10 7 5 37 43 32 39 3 32 44 38 42 9 13 46 29 17 44 30 24 18 17 18 12 41 28 7 8 23 19 7 23 45 15 13 38 6 11 13 27 38 22
36 13 13 44 38 3 19 27 42 50 18 1 18 38 12 25 23 30 44 3 45 33 21 26 34 13 18 48 7 31 10 27 23 24 25 13 32 4 43 22 31 34 6 19 41 15 34 42 26 21 18 39 33 9 10 26 11 46 29 27 12 22 4 9 48 5 17 37 40 38 27 22 45 24 19 46 30 15 19 42 13 7 5 48 13 41 25 41 15 7 30 30 49 21 36 12 25 11 8 32
12 50 42 46 50 42 36 45 25 21 1 21 16 29 9 5 11 37 28 22 30 48 28 34 47 17 22 14 8 47 1 9 17 25 13 41 11 37 27 44 20 36 38 11 19 6 10 47 12 26 37 44 21 37 18 48 30 48 18 18 18 44 33 27 3 34 9 13 45 9 47 36 8 24 22 17 17 39 11 3 20 35 8 37 22 36 50 26 27 35 10 46 39 7 46 23 4 10 48 5
7 40 45 34 21 6 7 48 33 12 43 21 28 46 17 41 48 15 43 22 41 17 14 7 8 20 23 28 23 47 21 24 45 33 1 36 34 43 7 21 19 18 42 45 31 20 22 4 29 47 16 7 1 32 30 2 35 30 29 40 9 50 6 27 44 27 17 29 37 9 2 48 21 40 33 2 27 3 25 28 47 49 22 8 50 31 5 13 37 33 10 24 18 5 48 29 21 32 47 38
40 31 45 6 27 24 33 34 12 2 21 33 19 2 16 36 13 18 49 38 7 40 13 30 50 11 16 3 3 47 31 31 37 1 20 22 26 43 15 34 39 18 27 40 23 33 46 39 11 8 29 39 45 5 2 13 2 49 4 9 3 35 14 40 3 7 11 12 31 49 28 15 32 32 35 33 17 36 24 13 41 45 6 21 8 30 10 29 6 31 30 3 34 17 42 44 48 30 1 29
46 21 49 43 25 16 41 48 39 41 15 39 46 6 43 21 37 12 30 48 39 20 16 38 40 14 3 49 48 9 14 22 33 44 39 4 22 43 11 46 20 32 25 26 9 22 8 29 15 48 41 30 42 48 19 25 5 14 41 10 7 7 26 30 18 32 29 28 2 49 43 11 48 40 12 3 34 7 43 43 26 40 35 35 10 15 16 3 10 2 24 43 22 44 31 2 8 21 46 25
44 49 2 45 21 16 24 28 15 12 39 48 17 41 42 20 37 22 33 32 34 18 5 25 30 7 32 13 30 24 30 47 17 27 41 38 46 1 27 8 14 46 31 8 35 18 2 12 17 11 2 18 34 8 39 32 24 42 37 10 4 32 9 21 11 35 15 36 38 39 48 34 43 47 46 50 29 43 2 28 37 7 24 39 4 47 37 17 24 46 25 11 20 43 42 49 35 32 34 44
40 19 41 8 16 44 50 1 42 16 32 7 36 39 44 46 32 11 36 36 40 40 28 35 20 16 21 21 37 25 8 6 39 50 15 19 44 33 50 49 18 40 39 45 39 7 17 30 35 25 30 9 21 10 14 32 49 46 32 8 10 49 42 21 35 23 8 42 50 50 44 14 16 3 45 5 14 7 11 41 31 8 35 43 41 14 21 18 7 23 7 2 10 12 2 11 28 30 16 17
9 15 7 22 13 3 43 33 37 40 12 47 7 23 8 26 35 7 39 8 27 34 11 36 17 22 4 34 28 10 38 27 24 50 39 23 38 7 8 23 2 45 2 48 2 6 38 11 35 30 20 38 29 20 6 23 2 7 28 46 22 19 23 16 38 19 49 5 22 35 33 47 20 22 10 12 3 44 11 42 20 3 5 35 45 48 14 48 15 27 41 34 29 38 50 47 49 11 24 2
32 49 21 46 12 3 37 20 7 6 24 22 30 16 35 11 10 24 11 37 31 17 32 23 45 6 33 49 13 8 35 24 40 31 1 39 13 48 34 27 39 47 14 2 47 10 14 45 23 39 41 45 6 34 31 47 41 9 46 4 30 37 31 50 37 47 47 15 41 1 48 23 25 28 7 40 25 43 50 23 49 39 1 36 26 37 13 2 47 49 10 13 18 40 18 24 15 28 13 8
26 14 4 5 29 14 46 29 48 27 33 7 25 19 33 37 36 7 42 6 50 30 16 39 1 31 47 9 46 21 15 29 36 17 15 39 9 39 34 30 40 42 16 9 49 25 13 27 42 38 31 28 19 21 7 38 12 11 25 46 35 44 35 7 44 22 9 25 40 22 22 9 11 25 40 49 41 8 29 29 11 27 33 20 5 7 6 3 3 41 8 4 38 49 19 16 30 11 25 21
17 47 1 21 40 11 46 13 46 1 36 47 5 47 9 41 9 9 23 34 29 41 28 40 6 3 45 22 23 40 34 23 22 42 43 8 8 40 21 14 42 7 24 2 33 6 6 44 49 47 22 12 10 40 49 9 48 1 26 17 22 40 9 17 34 17 6 32 20 37 18 14 33 39 36 4 10 21 4 6 28 31 5 5 2 27 1 38 2 31 50 9 11 47 37 11 6 19 1 47
10 47 46 35 8 1 8 44 48 8 17 48 1 19 37 19 7 7 7 34 31 19 25 35 25 48 46 49 20 22 32 10 37 5 27 19 4 11 39 32 23 47 32 35 1 24 34 20 26 15 15 19 31 46 10 46 20 18 40 25 39 5 41 8 43 44 28 34 7 29 3 46 32 21 4 35 38 13 39 48 11 46 46 42 18 43 13 37 42 45 35 47 48 33 31 35 33 45 26 31
38 5 13 37 32 27 16 39 7 49 40 15 24 7 3 5 47 39 4 15 33 17 50 40 41 19 18 45 29 5 49 12 15 8 32 34 27 21 41 50 23 25 14 31 39 3 44 5 29 34 33 22 21 31 46 20 25 24 47 40 2 40 42 34 47 36 31 1 27 30 8 43 23 19 33 50 10 15 18 2 12 34 31 49 23 43 18 12 44 33 6 39 3 35 42 4 32 8 3 42
26 4 2 22 16 3 15 35 32 33 35 3 20 30 6 9 34 38 50 18 20 7 24 15 5 48 46 33 36 8 25 10 42 19 25 4 24 48 17 48 12 28 45 22 13 9 12 33 6 13 29 13 1 28 25 27 39 32 32 29 21 18 21 4 3 18 25 22 10 2 32 46 43 32 47 31 44 29 15 23 13 6 29 41 41 14 42 12 12 30 37 48 8 46 19 1 21 50 19 33
10 42 37 40 5 28 50 19 30 28 37 7 22 3 31 24 38 31 30 50 6 10 43 38 2 20 37 16 3 11 15 24 44 21 31 26 16 36 26 29 22 33 20 26 21 46 46 4 16 39 43 8 14 4 25 28 36 29 2 32 34 12 13 45 14 40 42 46 41 42 47 26 14 24 6 8 23 35 22 12 48 6 10 18 14 19 38 43 25 9 38 39 39 1 37 16 22 12 14 11
14 47 28 50 44 35 24 24 48 44 46 26 45 36 18 37 20 49 6 11 46 11 33 10 12 19 48 21 18 33 29 35 3 12 35 6 6 20 7 4 39 45 4 21 27 23 26 1 11 47 24 8 37 15 40 12 8 39 45 44 15 10 40 15 40 35 20 39 1 28 49 35 19 49 2 9 50 44 31 20 31 37 21 20 45 28 20 26 21 20 3 22 4 2 2 34 4 39 41 16
10 15 18 46 36 4 27 39 25 40 22 25 10 23 18 11 5 27 20 4 45 32 4 47 4 48 38 6 36 25 46 46 1 23 21 18 6 6 37 28 23 11 7 21 40 21 35 42 29 9 33 25 1 19 24 35 43 9 11 34 29 8 44 49 46 41 4 33 15 37 45 38 13 39 42 13 22 24 27 8 12 12 22 45 19 30 18 31 19 5 46 23 48 35 32 37 41 18 50 6
40 5 42 35 32 22 36 44 15 20 27 1 19 8 47 17 46 39 18 11 35 33 32 44 37 42 49 46 19 35 27 15 21 10 21 37 41 30 50 23 32 36 45 4 8 37 6 30 30 11 29 9 20 3 38 20 34 44 25 6 22 23 48 48 24 37 37 14 17 50 16 22 47 5 41 32 43 49 12 21 15 44 8 12 46 21 1 11 49 13 48 44 8 14 45 2 37 30 18 17
27 10 49 35 40 5 22 34 14 11 31 27 11 23 46 3 1 34 9 14 25 8 28 45 15 13 22 19 18 22 49 3 15 1 50 33 37 16 26 21 7 48 20 34 44 6 1 1 25 27 7 7 15 20 3 46 3 15 36 30 16 41 23 13 4 22 2 20 31 50 46 8 25 18 37 13 7 40 50 44 17 21 1 20 49 10 19 40 28 24 16 30 45 18 28 12 8 38 9 19
9 47 32 9 25 32 43 7 41 25 47 42 13 31 48 47 9 19 1 7 10 3 36 32 22 21 18 44 45 6 37 13 11 1 38 34 37 26 1 36 42 29 20 36 31 21 15 50 16 34 1 50 35 46 23 12 34 27 42 22 31 2 14 33 3 32 36 22 34 40 32 10 22 18 3 24 35 44 40 35 13 10 45 29 42 43 13 44 16 50 4 42 18 43 29 48 44 4 23 25
19 29 24 11 44 24 50 12 27 45 46 7 47 27 47 41 44 3 18 14 32 49 34 41 9 9 41 49 7 23 20 39 6 39 15 31 25 17 22 19 5 19 35 18 20 36 32 35 30 30 20 36 19 31 47 9 33 38 6 23 36 32 13 42 46 21 33 11 43 13 4 19 39 1 39 19 5 9 24 21 50 26 16 17 30 25 24 23 23 21 28 32 10 21 14 42 25 37 50 9
19 4 42 32 6 42 2 16 16 50 43 6 19 41 49 37 36 27 34 32 49 35 41 4 12 39 22 26 21 21 50 7 9 48 32 10 33 12 42 38 34 49 12 39 6 13 2 19 47 17 10 10 34 27 34 49 31 50 23 36 17 35 47 45 26 18 4 46 32 21 4 43 47 31 12 13 21 26 17 13 15 40 49 44 24 37 46 11 25 29 24 46 45 20 9 2 22 38 7 22
19 22 16 27 12 4 37 31 27 16 13 30 27 42 2 26 8 5 40 2 46 22 36 50 32 13 1 47 17 2 34 22 25 16 19 3 12 20 10 30 2 6 43 37 47 18 13 33 46 48 48 13 38 19 1 40 36 11 32 33 31 43 48 43 48 35 4 25 43 25 1 14 17 30 6 7 7 2 19 37 12 2 5 24 13 28 26 13 1 1 45 38 7 50 25 46 26 32 28 17
18 1 50 42 50 6 28 18 39 46 16 31 34 10 15 22 47 17 8 1 4 23 7 31 48 29 25 19 10 6 39 28 12 26 4 19 17 17 10 7 25 24 49 10 3 32 9 43 11 36 6 23 22 18 47 4 14 34 25 32 4 45 40 39 8 35 38 41 29 24 3 40 19 32 45 32 46 38 29 23 32 34 50 34 17 10 27 15 13 37 37 29 48 38 28 28 33 35 39 30
37 35 37 39 32 10 14 47 28 24 10 49 14 40 43 48 11 39 7 14 3 3 18 31 25 46 8 12 48 24 27 23 1 28 19 28 31 18 42 36 30 21 17 13 34 20 43 31 39 39 15 21 36 19 48 14 36 11 29 23 23 33 10 33 45 24 1 15 3 8 48 5 18 12 24 30 41 22 37 10 13 39 34 14 31 41 29 40 20 49 22 29 28 50 29 43 47 42 35 23
10 46 50 50 40 37 47 39 46 33 34 21 8 42 7 2 27 11 8 10 26 5 7 15 21 14 14 18 46 43 32 1 29 39 48 1 3 40 38 48 37 40 17 16 18 24 22 22 49 11 6 29 44 32 44 50 1 11 28 29 8 32 14 16 18 1 9 4 5 15 47 4 16 41 28 20 30 19 3 5 1 37 44 10 16 33 16 24 50 39 28 33 20 44 2 48 15 31 46 21
